40 1 2881 3512 15 25.0
40 2 2881 3512 15 25.0
40 3 2881 3511 15 25.0
40 4 2881 3513 15 25.0
40 5 2881 3500 15 25.0
40 6 2881 3409 15 25.0
40 7 2881 3503 15 25.0
40 8 2881 3477 15 25.0
40 9 2881 3506 15 25.0
40 10 2881 3506 15 25.0
40 11 2881 3477 15 25.0
40 12 2881 3121 15 25.0
40 13 2881 3492 15 25.0
40 14 2881 3500 15 25.0
40 15 2881 3497 15 25.0
40 16 2881 3504 15 25.0
40 17 2881 3488 15 25.0
40 18 2881 3488 15 25.0
40 19 2881 3427 15 25.0
40 20 2881 3488 15 25.0
40 21 2881 3487 15 25.0
40 22 2881 3488 15 25.0
40 23 2881 3489 15 25.0
40 24 2881 3487 15 25.0
40 25 2881 3488 15 25.0
40 26 2881 3487 15 25.0
40 27 2881 3490 15 25.0
40 28 2881 3495 15 25.0
40 29 2881 3495 15 25.0
40 30 2881 3489 15 25.0
40 31 2881 3466 15 25.0
40 32 2881 3472 15 25.0
40 33 2881 3541 15 25.0
40 34 2881 3541 15 25.0
40 35 2881 3062 15 25.0
40 36 2881 3231 15 25.0
40 37 2881 3494 15 25.0
40 38 2881 3438 15 25.0
40 39 2881 3436 15 25.0
40 41 2881 2758 15 26.0
40 42 2881 3143 15 26.0
40 43 2881 2801 15 26.0
40 44 2881 3134 15 26.0
40 45 2881 3173 15 25.0
40 46 2881 3140 15 25.0
40 47 2881 3988 15 25.0
40 48 2881 3970 15 25.0
40 49 2881 3897 15 25.0
40 50 2881 3141 15 25.0
47 1 5383 4916 15 29.0
47 2 5383 4916 15 29.0
47 3 5383 4915 15 30.0
47 4 5383 4917 15 30.0
47 5 5383 4904 15 30.0
47 6 5383 4813 15 29.0
47 7 5383 4907 15 29.0
47 8 5383 4881 15 29.0
47 9 5383 4910 15 31.0
47 10 5383 5138 15 30.0
47 11 5383 4881 15 30.0
47 12 5383 4525 15 30.0
47 13 5383 4872 15 30.0
47 14 5383 5126 15 30.0
47 15 5383 4898 15 29.0
47 16 5383 4908 15 29.0
47 17 5383 4904 15 30.0
47 18 5383 4904 15 30.0
47 19 5383 4843 15 30.0
47 20 5383 4904 15 29.0
47 21 5383 4903 15 29.0
47 22 5383 4904 15 29.0
47 23 5383 4905 15 30.0
47 24 5383 4903 15 30.0
47 25 5383 4904 15 30.0
47 26 5383 4903 15 29.0
47 27 5383 4894 15 29.0
47 28 5383 4899 15 29.0
47 29 5383 4899 15 29.0
47 30 5383 4893 15 30.0
47 31 5383 4870 15 30.0
47 32 5383 4894 15 29.0
47 33 5383 4972 15 29.0
47 34 5383 4969 15 30.0
47 35 5383 4487 15 30.0
47 36 5383 4659 15 29.0
47 37 5383 4883 15 30.0
47 38 5383 4827 15 30.0
47 39 5383 4828 15 30.0
47 40 5383 3958 15 31.0
47 41 5383 3835 15 31.0
47 42 5383 4220 15 31.0
47 43 5383 3878 15 31.0
47 44 5383 4211 15 31.0
47 45 5383 4256 15 31.0
47 46 5383 4223 15 32.0
47 48 5383 5365 15 36.0
47 49 5383 5283 15 36.0
47 50 5383 4638 15 31.0
47 1 5725 5252 18 32.0
47 2 5725 5522 18 32.0
47 3 5725 5251 18 32.0
47 4 5725 5481 18 32.0
47 5 5725 5240 18 32.0
47 6 5725 5149 18 32.0
47 7 5725 5243 18 32.0
47 8 5725 5217 18 32.0
47 9 5725 5246 18 32.0
47 10 5725 5474 18 32.0
47 11 5725 5217 18 32.0
47 12 5725 4861 18 32.0
47 13 5725 5592 18 32.0
47 14 5725 5462 18 32.0
47 15 5725 5519 18 32.0
47 16 5725 5244 18 32.0
47 17 5725 5240 18 32.0
47 18 5725 5240 18 32.0
47 19 5725 5179 18 32.0
47 20 5725 5240 18 32.0
47 21 5725 5239 18 32.0
47 22 5725 5240 18 32.0
47 23 5725 5241 18 32.0
47 24 5725 5239 18 32.0
47 25 5725 5240 18 32.0
47 26 5725 5239 18 32.0
47 27 5725 5230 18 32.0
47 28 5725 5235 18 32.0
47 29 5725 5235 18 32.0
47 30 5725 5229 18 32.0
47 31 5725 5206 18 32.0
47 32 5725 5230 18 32.0
47 33 5725 5308 18 33.0
47 34 5725 5305 18 32.0
47 35 5725 4826 18 33.0
47 36 5725 4995 18 33.0
47 37 5725 5219 18 33.0
47 38 5725 5163 18 33.0
47 39 5725 5164 18 33.0
47 40 5725 4177 18 32.0
47 41 5725 4054 18 32.0
47 42 5725 4439 18 32.0
47 43 5725 4097 18 32.0
47 44 5725 4430 18 32.0
47 45 5725 4475 18 32.0
47 46 5725 4442 18 31.0
47 48 5725 5704 18 35.0
47 49 5725 5622 18 35.0
47 50 5725 5073 18 33.0
6 1 8167 8270 18 32.0
6 2 8167 8540 18 32.0
6 3 8167 8269 18 32.0
6 4 8167 8499 18 32.0
6 5 8167 8258 18 32.0
6 7 8167 8261 18 32.0
6 8 8167 8235 18 32.0
6 9 8167 8264 18 32.0
6 10 8167 8492 18 32.0
6 11 8167 8235 18 32.0
6 12 8167 7879 18 32.0
6 13 8167 8610 18 32.0
6 14 8167 8480 18 32.0
6 15 8167 8537 18 32.0
6 16 8167 8262 18 32.0
6 17 8167 8258 18 32.0
6 18 8167 8258 18 32.0
6 19 8167 8197 18 32.0
6 20 8167 8258 18 32.0
6 21 8167 8257 18 32.0
6 22 8167 8258 18 32.0
6 23 8167 8259 18 32.0
6 24 8167 8257 18 32.0
6 25 8167 8258 18 32.0
6 26 8167 8257 18 32.0
6 27 8167 8248 18 32.0
6 28 8167 8253 18 32.0
6 29 8167 8253 18 32.0
6 30 8167 8247 18 32.0
6 31 8167 8224 18 32.0
6 32 8167 8242 18 32.0
6 33 8167 8323 18 32.0
6 34 8167 8320 18 32.0
6 35 8167 7841 18 32.0
6 36 8167 8010 18 32.0
6 37 8167 8234 18 32.0
6 38 8167 8178 18 32.0
6 39 8167 8182 18 32.0
6 40 8167 7198 18 31.0
6 41 8167 7075 18 31.0
6 42 8167 7460 18 31.0
6 43 8167 7118 18 31.0
6 44 8167 7451 18 31.0
6 45 8167 7502 18 31.0
6 46 8167 7469 18 31.0
6 47 8167 8728 18 31.0
6 48 8167 8707 18 30.0
6 49 8167 8622 18 30.0
6 50 8167 8079 18 32.0
6 1 8494 8597 21 48.0
6 2 8494 8867 21 48.0
6 3 8494 8596 21 46.0
6 4 8494 8826 21 48.0
6 5 8494 8585 21 48.0
6 7 8494 8588 21 47.0
6 8 8494 8562 21 48.0
6 9 8494 8591 21 48.0
6 10 8494 8819 21 48.0
6 11 8494 8562 21 48.0
6 12 8494 8206 21 48.0
6 13 8494 8937 21 48.0
6 14 8494 8807 21 45.0
6 15 8494 8864 21 46.0
6 16 8494 8589 21 48.0
6 17 8494 8585 21 48.0
6 18 8494 8585 21 48.0
6 19 8494 8524 21 48.0
6 20 8494 8585 21 48.0
6 21 8494 8584 21 48.0
6 22 8494 8585 21 45.0
6 23 8494 8586 21 48.0
6 24 8494 8584 21 48.0
6 25 8494 8585 21 48.0
6 26 8494 8584 21 48.0
6 27 8494 8575 21 46.0
6 28 8494 8580 21 46.0
6 29 8494 8580 21 48.0
6 30 8494 8574 21 48.0
6 31 8494 8551 21 48.0
6 32 8494 8581 21 46.0
6 33 8494 8662 21 44.0
6 34 8494 8659 21 45.0
6 35 8494 8180 21 45.0
6 36 8494 8349 21 45.0
6 37 8494 8573 21 44.0
6 38 8494 8517 21 44.0
6 39 8494 8521 21 43.0
6 40 8494 7522 21 42.0
6 41 8494 7399 21 42.0
6 42 8494 7784 21 42.0
6 43 8494 7442 21 42.0
6 44 8494 7775 21 42.0
6 45 8494 7829 21 41.0
6 46 8494 7796 21 42.0
6 47 8494 9061 21 46.0
6 48 8494 9040 21 46.0
6 49 8494 8952 21 46.0
6 50 8494 8418 21 44.0
46 1 9824 10565 21 36.0
46 2 9824 10835 21 36.0
46 3 9824 10564 21 36.0
46 4 9824 10794 21 36.0
46 5 9824 10553 21 36.0
46 6 9824 10462 21 36.0
46 7 9824 10556 21 36.0
46 8 9824 10530 21 36.0
46 9 9824 10562 21 36.0
46 10 9824 10790 21 36.0
46 11 9824 10533 21 36.0
46 12 9824 10177 21 36.0
46 13 9824 10908 21 36.0
46 14 9824 10778 21 36.0
46 15 9824 10835 21 36.0
46 16 9824 10560 21 36.0
46 17 9824 10556 21 36.0
46 18 9824 10556 21 36.0
46 19 9824 10495 21 36.0
46 20 9824 10556 21 36.0
46 21 9824 10555 21 36.0
46 22 9824 10556 21 36.0
46 23 9824 10557 21 36.0
46 24 9824 10555 21 36.0
46 25 9824 10556 21 36.0
46 26 9824 10555 21 36.0
46 27 9824 10546 21 36.0
46 28 9824 10551 21 36.0
46 29 9824 10551 21 36.0
46 30 9824 10545 21 36.0
46 31 9824 10522 21 36.0
46 32 9824 10552 21 36.0
46 33 9824 10639 21 36.0
46 34 9824 10633 21 36.0
46 35 9824 10145 21 36.0
46 36 9824 10326 21 36.0
46 37 9824 10520 21 36.0
46 38 9824 10464 21 36.0
46 39 9824 10468 21 36.0
46 40 9824 9508 21 36.0
46 41 9824 9385 21 36.0
46 42 9824 9770 21 36.0
46 43 9824 9428 21 36.0
46 44 9824 9761 21 36.0
46 45 9824 9860 21 36.0
46 47 9824 10990 21 36.0
46 48 9824 10969 21 36.0
46 49 9824 10872 21 36.0
46 50 9824 10368 21 36.0
